5309
488
2888
5246
5267
3042
6259
5182
2139
866
2697
3092
585
831
6032
5616
5008
4803
4547
3618
5271
2943
5509
3240
4202
4042
3573
2029
101
5274
3488
2072
6088
1809
2827
1044
104
685
1802
6355
3149
6185
3184
3431
4879
2562
3700
1392
2850
3606
3475
4036
3315
1154
1302
5508
5308
6196
1768
5232
4864
369
1267
5578
2000
2392
1710
4050
3505
3887
4432
3562
5224
1239
5164
2373
218
5914
1597
2956
671
3889
3196
2971
3791
5777
5425
5825
2495
3729
4098
1307
872
751
2106
2497
533
1396
1029
6357
734
859
2716
4060
4212
3710
6275
2628
4987
847
345
29
5317
711
247
4865
4375
2952
2480
2014
1657
5859
4146
4292
963
5749
6241
5137
6061
5618
4609
1602
4091
202
